0 0 38447 
1 38447 30935 
2 69382 30718 
3 100100 30454 
4 130554 30051 
5 160605 28638 
6 189243 27027 
7 216270 25944 
8 242214 25810 
9 268024 25798 
10 293822 24561 
11 318383 23603 
12 341986 23246 
13 365232 22925 
14 388157 22549 
15 410706 22098 
16 432804 21767 
17 454571 20494 
18 475065 20235 
19 495300 20153 
20 515453 20093 
21 535546 19884 
22 555430 19789 
23 575219 19812 
24 595031 19686 
25 614717 19511 
26 634228 19551 
27 653779 19463 
28 673242 19366 
29 692608 19278 
30 711886 19092 
31 730978 19034 
32 750012 18949 
33 768961 18595 
34 787556 18443 
35 805999 18380 
36 824379 18316 
37 842695 18049 
38 860744 17884 
39 878628 17838 
40 896466 17719 
41 914185 17053 
42 931238 16461 
43 947699 16384 
44 964083 16310 
45 980393 16001 
46 996394 15913 
47 1012307 15864 
48 1028171 15870 
49 1044041 15591 
50 1059632 15563 
51 1075195 15546 
52 1090741 15504 
53 1106245 15391 
54 1121636 15320 
55 1136956 15283 
56 1152239 15115 
57 1167354 15073 
58 1182427 14984 
59 1197411 14790 
60 1212201 14661 
61 1226862 14616 
62 1241478 14616 
63 1256094 14516 
64 1270610 14177 
65 1284787 14075 
66 1298862 13967 
67 1312829 13781 
68 1326610 13765 
69 1340375 13748 
70 1354123 13751 
71 1367874 13703 
72 1381577 13686 
73 1395263 13657 
74 1408920 13639 
75 1422559 13564 
76 1436123 13561 
77 1449684 13394 
78 1463078 13313 
79 1476391 13155 
80 1489546 13045 
81 1502591 12992 
82 1515583 12943 
83 1528526 12967 
84 1541493 12902 
85 1554395 12863 
86 1567258 12850 
87 1580108 12852 
88 1592960 12604 
89 1605564 12577 
90 1618141 12577 
91 1630718 12479 
92 1643197 12475 
93 1655672 12440 
94 1668112 12283 
95 1680395 12283 
96 1692678 12273 
97 1704951 12227 
98 1717178 12143 
99 1729321 11928 
100 1741249 11966 
101 1753215 11754 
102 1764969 11617 
103 1776586 11618 
104 1788204 11637 
105 1799841 11638 
106 1811479 11606 
107 1823085 11552 
108 1834637 11583 
109 1846220 11545 
110 1857765 11570 
111 1869335 11488 
112 1880823 11451 
113 1892274 11293 
114 1903567 11319 
115 1914886 11262 
116 1926148 11276 
117 1937424 11241 
118 1948665 11165 
119 1959830 11203 
120 1971033 11020 
121 1982053 11023 
122 1993076 10998 
123 2004074 10977 
124 2015051 10960 
125 2026011 10941 
126 2036952 10938 
127 2047890 10859 
128 2058749 10827 
129 2069576 10787 
130 2080363 10724 
131 2091087 10706 
132 2101793 10746 
133 2112539 10659 
134 2123198 10597 
135 2133795 10554 
136 2144349 10509 
137 2154858 10529 
138 2165387 10461 
139 2175848 10451 
140 2186299 10516 
141 2196815 10454 
142 2207269 10421 
143 2217690 10278 
144 2227968 10198 
145 2238166 10205 
146 2248371 10175 
147 2258546 10155 
148 2268701 10142 
149 2278843 10155 
150 2288998 10150 
151 2299148 10113 
152 2309261 10088 
153 2319349 10089 
154 2329438 10101 
155 2339539 10023 
156 2349562 9999 
157 2359561 10009 
158 2369570 9958 
159 2379528 9988 
160 2389516 9964 
161 2399480 9922 
162 2409402 9920 
163 2419322 9869 
164 2429191 9896 
165 2439087 9789 
166 2448876 9779 
167 2458655 9782 
168 2468437 9805 
169 2478242 9756 
170 2487998 9739 
171 2497737 9695 
172 2507432 9708 
173 2517140 9710 
174 2526850 9658 
175 2536508 9674 
176 2546182 9664 
177 2555846 9696 
178 2565542 9669 
179 2575211 9646 
180 2584857 9639 
181 2594496 9647 
182 2604143 9629 
183 2613772 9618 
184 2623390 9634 
185 2633024 9588 
186 2642612 9605 
187 2652217 9580 
188 2661797 9593 
189 2671390 9532 
190 2680922 9538 
191 2690460 9537 
192 2699997 9520 
193 2709517 9480 
194 2718997 9466 
195 2728463 9462 
196 2737925 9417 
197 2747342 9425 
198 2756767 9365 
199 2766132 9380 
200 2775512 9306 
201 2784818 9335 
202 2794153 9272 
203 2803425 9221 
204 2812646 9235 
205 2821881 9208 
206 2831089 9233 
207 2840322 9179 
208 2849501 9205 
209 2858706 9141 
210 2867847 9169 
211 2877016 9131 
212 2886147 9104 
213 2895251 9106 
214 2904357 9084 
215 2913441 9080 
216 2922521 9078 
217 2931599 9085 
218 2940684 9060 
219 2949744 9095 
220 2958839 9063 
221 2967902 9042 
222 2976944 9044 
223 2985988 9043 
224 2995031 9028 
225 3004059 8961 
226 3013020 8966 
227 3021986 8967 
228 3030953 8952 
229 3039905 8957 
230 3048862 8956 
231 3057818 9003 
232 3066821 8913 
233 3075734 8923 
234 3084657 8937 
235 3093594 8903 
236 3102497 8923 
237 3111420 8889 
238 3120309 8855 
239 3129164 8870 
240 3138034 8881 
241 3146915 8842 
242 3155757 8873 
243 3164630 8836 
244 3173466 8811 
245 3182277 8812 
246 3191089 8788 
247 3199877 8770 
248 3208647 8758 
249 3217405 8782 
250 3226187 8733 
251 3234920 8730 
252 3243650 8725 
253 3252375 8735 
254 3261110 8658 
255 3269768 8647 
256 3278415 8631 
257 3287046 8580 
258 3295626 8572 
259 3304198 8582 
260 3312780 8599 
261 3321379 8582 
262 3329961 8585 
263 3338546 8572 
264 3347118 8525 
265 3355643 8530 
266 3364173 8507 
267 3372680 8494 
268 3381174 8492 
269 3389666 8513 
270 3398179 8498 
271 3406677 8436 
272 3415113 8418 
273 3423531 8423 
274 3431954 8417 
275 3440371 8395 
276 3448766 8412 
277 3457178 8408 
278 3465586 8421 
279 3474007 8346 
280 3482353 8365 
281 3490718 8371 
282 3499089 8336 
283 3507425 8304 
284 3515729 8321 
285 3524050 8280 
286 3532330 8277 
287 3540607 8281 
288 3548888 8232 
289 3557120 8210 
290 3565330 8232 
291 3573562 8222 
292 3581784 8200 
293 3589984 8188 
294 3598172 8229 
295 3606401 8174 
296 3614575 8154 
297 3622729 8176 
298 3630905 8176 
299 3639081 8155 
300 3647236 8172 
301 3655408 8128 
302 3663536 8133 
303 3671669 8116 
304 3679785 8148 
305 3687933 8088 
306 3696021 8092 
307 3704113 8094 
308 3712207 8086 
309 3720293 8116 
310 3728409 8074 
311 3736483 8048 
312 3744531 8036 
313 3752567 8016 
314 3760583 8058 
315 3768641 8012 
316 3776653 8029 
317 3784682 8022 
318 3792704 7987 
319 3800691 7962 
320 3808653 7988 
321 3816641 7974 
322 3824615 7960 
323 3832575 7939 
324 3840514 7964 
325 3848478 7918 
326 3856396 7936 
327 3864332 7917 
328 3872249 7900 
329 3880149 7935 
330 3888084 7926 
331 3896010 7898 
332 3903908 7876 
333 3911784 7890 
334 3919674 7863 
335 3927537 7837 
336 3935374 7837 
337 3943211 7832 
338 3951043 7813 
339 3958856 7788 
340 3966644 7781 
341 3974425 7801 
342 3982226 7777 
343 3990003 7801 
344 3997804 7755 
345 4005559 7802 
346 4013361 7725 
347 4021086 7704 
348 4028790 7714 
349 4036504 7702 
350 4044206 7698 
351 4051904 7710 
352 4059614 7701 
353 4067315 7688 
354 4075003 7672 
355 4082675 7639 
356 4090314 7623 
357 4097937 7625 
358 4105562 7665 
359 4113227 7650 
360 4120877 7594 
361 4128471 7586 
362 4136057 7635 
363 4143692 7602 
364 4151294 7607 
365 4158901 7569 
366 4166470 7587 
367 4174057 7572 
368 4181629 7545 
369 4189174 7531 
370 4196705 7542 
371 4204247 7527 
372 4211774 7531 
373 4219305 7556 
374 4226861 7487 
375 4234348 7451 
376 4241799 7457 
377 4249256 7432 
378 4256688 7403 
379 4264091 7417 
380 4271508 7429 
381 4278937 7427 
382 4286364 7433 
383 4293797 7412 
384 4301209 7429 
385 4308638 7421 
386 4316059 7407 
387 4323466 7393 
388 4330859 7375 
389 4338234 7365 
390 4345599 7366 
391 4352965 7386 
392 4360351 7369 
393 4367720 7348 
394 4375068 7323 
395 4382391 7334 
396 4389725 7302 
397 4397027 7297 
398 4404324 7305 
399 4411629 7306 
400 4418935 7316 
401 4426251 7280 
402 4433531 7251 
403 4440782 7277 
404 4448059 7280 
405 4455339 7201 
406 4462540 7194 
407 4469734 7232 
408 4476966 7196 
409 4484162 7212 
410 4491374 7147 
411 4498521 7176 
412 4505697 7151 
413 4512848 7152 
414 4520000 7162 
415 4527162 7137 
416 4534299 7108 
417 4541407 7079 
418 4548486 7062 
419 4555548 7067 
420 4562615 7026 
421 4569641 7020 
422 4576661 7068 
423 4583729 7013 
424 4590742 7048 
425 4597790 7021 
426 4604811 7000 
427 4611811 6994 
428 4618805 7013 
429 4625818 7021 
430 4632839 6978 
431 4639817 6982 
432 4646799 6955 
433 4653754 6969 
434 4660723 6970 
435 4667693 6950 
436 4674643 6918 
437 4681561 6930 
438 4688491 6891 
439 4695382 6894 
440 4702276 6902 
441 4709178 6884 
442 4716062 6894 
443 4722956 6868 
444 4729824 6876 
445 4736700 6872 
446 4743572 6897 
447 4750469 6856 
448 4757325 6829 
449 4764154 6837 
450 4770991 6798 
451 4777789 6811 
452 4784600 6799 
453 4791399 6800 
454 4798199 6789 
455 4804988 6769 
456 4811757 6801 
457 4818558 6750 
458 4825308 6774 
459 4832082 6769 
460 4838851 6772 
461 4845623 6759 
462 4852382 6739 
463 4859121 6720 
464 4865841 6705 
465 4872546 6691 
466 4879237 6715 
467 4885952 6692 
468 4892644 6666 
469 4899310 6684 
470 4905994 6638 
471 4912632 6632 
472 4919264 6645 
473 4925909 6605 
474 4932514 6584 
475 4939098 6606 
476 4945704 6598 
477 4952302 6579 
478 4958881 6579 
479 4965460 6539 
480 4971999 6564 
481 4978563 6534 
482 4985097 6548 
483 4991645 6536 
484 4998181 6519 
485 5004700 6553 
486 5011253 6507 
487 5017760 6507 
488 5024267 6498 
489 5030765 6485 
490 5037250 6505 
491 5043755 6472 
492 5050227 6495 
493 5056722 6484 
494 5063206 6476 
495 5069682 6504 
496 5076186 6463 
497 5082649 6458 
498 5089107 6474 
499 5095581 6439 
500 5102020 6480 
501 5108500 6434 
502 5114934 6429 
503 5121363 6428 
504 5127791 6427 
505 5134218 6437 
506 5140655 6425 
507 5147080 6437 
508 5153517 6430 
509 5159947 6397 
510 5166344 6401 
511 5172745 6384 
512 5179129 6367 
513 5185496 6386 
514 5191882 6381 
515 5198263 6391 
516 5204654 6369 
517 5211023 6365 
518 5217388 6355 
519 5223743 6374 
520 5230117 6346 
521 5236463 6343 
522 5242806 6352 
523 5249158 6357 
524 5255515 6359 
525 5261874 6354 
526 5268228 6376 
527 5274604 6371 
528 5280975 6300 
529 5287275 6320 
530 5293595 6396 
531 5299991 6303 
532 5306294 6328 
533 5312622 6334 
534 5318956 6330 
535 5325286 6313 
536 5331599 6327 
537 5337926 6292 
538 5344218 6287 
539 5350505 6303 
540 5356808 6292 
541 5363100 6294 
542 5369394 6265 
543 5375659 6261 
544 5381920 6290 
545 5388210 6298 
546 5394508 6248 
547 5400756 6256 
548 5407012 6207 
549 5413219 6246 
550 5419465 6238 
551 5425703 6222 
552 5431925 6174 
553 5438099 6182 
554 5444281 6232 
555 5450513 6187 
556 5456700 6163 
557 5462863 6166 
558 5469029 6136 
559 5475165 6117 
560 5481282 6108 
561 5487390 6161 
562 5493551 6090 
563 5499641 6089 
564 5505730 6088 
565 5511818 6082 
566 5517900 6083 
567 5523983 6089 
568 5530072 6060 
569 5536132 6042 
570 5542174 6026 
571 5548200 6030 
572 5554230 6024 
573 5560254 5993 
574 5566247 5961 
575 5572208 5962 
576 5578170 5991 
577 5584161 5962 
578 5590123 5944 
579 5596067 5928 
580 5601995 5939 
581 5607934 5995 
582 5613929 5911 
583 5619840 5939 
584 5625779 5910 
585 5631689 5964 
586 5637653 5892 
587 5643545 5887 
588 5649432 5882 
589 5655314 5890 
590 5661204 5893 
591 5667097 5891 
592 5672988 5885 
593 5678873 5851 
594 5684724 5842 
595 5690566 5880 
596 5696446 5838 
597 5702284 5843 
598 5708127 5813 
599 5713940 5832 
600 5719772 5840 
601 5725612 5816 
602 5731428 5807 
603 5737235 5798 
604 5743033 5813 
605 5748846 5806 
606 5754652 5827 
607 5760479 5817 
608 5766296 5791 
609 5772087 5816 
610 5777903 5787 
611 5783690 5783 
612 5789473 5768 
613 5795241 5802 
614 5801043 5791 
615 5806834 5765 
616 5812599 5729 
617 5818328 5754 
618 5824082 5784 
619 5829866 5759 
620 5835625 5759 
621 5841384 5727 
622 5847111 5717 
623 5852828 5700 
624 5858528 5748 
625 5864276 5747 
626 5870023 5696 
627 5875719 5690 
628 5881409 5699 
629 5887108 5696 
630 5892804 5699 
631 5898503 5693 
632 5904196 5661 
633 5909857 5706 
634 5915563 5706 
635 5921269 5676 
636 5926945 5687 
637 5932632 5647 
638 5938279 5680 
639 5943959 5685 
640 5949644 5621 
641 5955265 5607 
642 5960872 5611 
643 5966483 5626 
644 5972109 5618 
645 5977727 5595 
646 5983322 5579 
647 5988901 5573 
648 5994474 5580 
649 6000054 5548 
650 6005602 5544 
651 6011146 5557 
652 6016703 5521 
653 6022224 5559 
654 6027783 5537 
655 6033320 5494 
656 6038814 5560 
657 6044374 5505 
658 6049879 5534 
659 6055413 5498 
660 6060911 5542 
661 6066453 5512 
662 6071965 5499 
663 6077464 5540 
664 6083004 5496 
665 6088500 5493 
666 6093993 5514 
667 6099507 5562 
668 6105069 5490 
669 6110559 5493 
670 6116052 5450 
671 6121502 5453 
672 6126955 5476 
673 6132431 5478 
674 6137909 5456 
675 6143365 5415 
676 6148780 5455 
677 6154235 5427 
678 6159662 5453 
679 6165115 5456 
680 6170571 5481 
681 6176052 5469 
682 6181521 5414 
683 6186935 5429 
684 6192364 5421 
685 6197785 5417 
686 6203202 5420 
687 6208622 5469 
688 6214091 5444 
689 6219535 5389 
690 6224924 5446 
691 6230370 5414 
692 6235784 5377 
693 6241161 5376 
694 6246537 5428 
695 6251965 5371 
696 6257336 5404 
697 6262740 5379 
698 6268119 5377 
699 6273496 5384 
700 6278880 5382 
701 6284262 5361 
702 6289623 5391 
703 6295014 5359 
704 6300373 5356 
705 6305729 5327 
706 6311056 5337 
707 6316393 5322 
708 6321715 5337 
709 6327052 5308 
710 6332360 5373 
711 6337733 5319 
712 6343052 5304 
713 6348356 5320 
714 6353676 5322 
715 6358998 5274 
716 6364272 5338 
717 6369610 5300 
718 6374910 5324 
719 6380234 5262 
720 6385496 5281 
721 6390777 5273 
722 6396050 5252 
723 6401302 5265 
724 6406567 5253 
725 6411820 5247 
726 6417067 5244 
727 6422311 5285 
728 6427596 5257 
729 6432853 5260 
730 6438113 5261 
731 6443374 5259 
732 6448633 5252 
733 6453885 5224 
734 6459109 5218 
735 6464327 5196 
736 6469523 5195 
737 6474718 5228 
738 6479946 5204 
739 6485150 5201 
740 6490351 5200 
741 6495551 5181 
742 6500732 5172 
743 6505904 5200 
744 6511104 5165 
745 6516269 5182 
746 6521451 5140 
747 6526591 5106 
748 6531697 5154 
749 6536851 5149 
750 6542000 5133 
751 6547133 5120 
752 6552253 5117 
753 6557370 5093 
754 6562463 5105 
755 6567568 5144 
756 6572712 5097 
757 6577809 5133 
758 6582942 5086 
759 6588028 5119 
760 6593147 5091 
761 6598238 5114 
762 6603352 5039 
763 6608391 5073 
764 6613464 5076 
765 6618540 5093 
766 6623633 5062 
767 6628695 5047 
768 6633742 5021 
769 6638763 5108 
770 6643871 5002 
771 6648873 5008 
772 6653881 5025 
773 6658906 4995 
774 6663901 5012 
775 6668913 5014 
776 6673927 4994 
777 6678921 5018 
778 6683939 5009 
779 6688948 4988 
780 6693936 4966 
781 6698902 5003 
782 6703905 4973 
783 6708878 4969 
784 6713847 4952 
785 6718799 4959 
786 6723758 4972 
787 6728730 4950 
788 6733680 4947 
789 6738627 4924 
790 6743551 4879 
791 6748430 4898 
792 6753328 4895 
793 6758223 4969 
794 6763192 4934 
795 6768126 4873 
796 6772999 4885 
797 6777884 4848 
798 6782732 4839 
799 6787571 4856 
800 6792427 4839 
801 6797266 4847 
802 6802113 4861 
803 6806974 4851 
804 6811825 4796 
805 6816621 4832 
806 6821453 4830 
807 6826283 4832 
808 6831115 4829 
809 6835944 4819 
810 6840763 4784 
811 6845547 4812 
812 6850359 4808 
813 6855167 4786 
814 6859953 4793 
815 6864746 4819 
816 6869565 4792 
817 6874357 4808 
818 6879165 4781 
819 6883946 4806 
820 6888752 4773 
821 6893525 4797 
822 6898322 4794 
823 6903116 4786 
824 6907902 4769 
825 6912671 4771 
826 6917442 4753 
827 6922195 4731 
828 6926926 4774 
829 6931700 4730 
830 6936430 4717 
831 6941147 4774 
832 6945921 4747 
833 6950668 4732 
834 6955400 4741 
835 6960141 4748 
836 6964889 4703 
837 6969592 4745 
838 6974337 4707 
839 6979044 4729 
840 6983773 4702 
841 6988475 4703 
842 6993178 4695 
843 6997873 4672 
844 7002545 4673 
845 7007218 4684 
846 7011902 4697 
847 7016599 4692 
848 7021291 4715 
849 7026006 4670 
850 7030676 4697 
851 7035373 4698 
852 7040071 4692 
853 7044763 4666 
854 7049429 4708 
855 7054137 4656 
856 7058793 4675 
857 7063468 4639 
858 7068107 4634 
859 7072741 4701 
860 7077442 4654 
861 7082096 4646 
862 7086742 4625 
863 7091367 4625 
864 7095992 4621 
865 7100613 4639 
866 7105252 4638 
867 7109890 4620 
868 7114510 4601 
869 7119111 4605 
870 7123716 4600 
871 7128316 4598 
872 7132914 4629 
873 7137543 4589 
874 7142132 4630 
875 7146762 4582 
876 7151344 4608 
877 7155952 4617 
878 7160569 4579 
879 7165148 4574 
880 7169722 4575 
881 7174297 4596 
882 7178893 4571 
883 7183464 4595 
884 7188059 4589 
885 7192648 4586 
886 7197234 4567 
887 7201801 4589 
888 7206390 4560 
889 7210950 4547 
890 7215497 4546 
891 7220043 4531 
892 7224574 4509 
893 7229083 4507 
894 7233590 4484 
895 7238074 4512 
896 7242586 4504 
897 7247090 4517 
898 7251607 4548 
899 7256155 4506 
900 7260661 4515 
901 7265176 4524 
902 7269700 4491 
903 7274191 4497 
904 7278688 4498 
905 7283186 4493 
906 7287679 4478 
907 7292157 4463 
908 7296620 4469 
909 7301089 4479 
910 7305568 4446 
911 7310014 4488 
912 7314502 4467 
913 7318969 4451 
914 7323420 4439 
915 7327859 4464 
916 7332323 4448 
917 7336771 4487 
918 7341258 4443 
919 7345701 4458 
920 7350159 4413 
921 7354572 4438 
922 7359010 4439 
923 7363449 4442 
924 7367891 4427 
925 7372318 4389 
926 7376707 4440 
927 7381147 4394 
928 7385541 4404 
929 7389945 4403 
930 7394348 4427 
931 7398775 4418 
932 7403193 4405 
933 7407598 4407 
934 7412005 4370 
935 7416375 4398 
936 7420773 4380 
937 7425153 4376 
938 7429529 4384 
939 7433913 4392 
940 7438305 4409 
941 7442714 4370 
942 7447084 4404 
943 7451488 4381 
944 7455869 4337 
945 7460206 4389 
946 7464595 4365 
947 7468960 4405 
948 7473365 4375 
949 7477740 4371 
950 7482111 4380 
951 7486491 4376 
952 7490867 4334 
953 7495201 4331 
954 7499532 4340 
955 7503872 4403 
956 7508275 4315 
957 7512590 4338 
958 7516928 4332 
959 7521260 4331 
960 7525591 4313 
961 7529904 4311 
962 7534215 4321 
963 7538536 4318 
964 7542854 4292 
965 7547146 4305 
966 7551451 4285 
967 7555736 4279 
968 7560015 4272 
969 7564287 4322 
970 7568609 4311 
971 7572920 4301 
972 7577221 4296 
973 7581517 4272 
974 7585789 4295 
975 7590084 4257 
976 7594341 4260 
977 7598601 4242 
978 7602843 4273 
979 7607116 4237 
980 7611353 4254 
981 7615607 4249 
982 7619856 4231 
983 7624087 4222 
984 7628309 4233 
985 7632542 4231 
986 7636773 4223 
987 7640996 4223 
988 7645219 4250 
989 7649469 4211 
990 7653680 4235 
991 7657915 4202 
992 7662117 4196 
993 7666313 4234 
994 7670547 4224 
995 7674771 4236 
996 7679007 4202 
997 7683209 4184 
998 7687393 4218 
999 7691611 4176 
1000 7695787 4199 
1001 7699986 4168 
1002 7704154 4181 
1003 7708335 4182 
1004 7712517 4191 
1005 7716708 4198 
1006 7720906 4164 
1007 7725070 4175 
1008 7729245 4170 
1009 7733415 4171 
1010 7737586 4145 
1011 7741731 4152 
1012 7745883 4150 
1013 7750033 4165 
1014 7754198 4137 
1015 7758335 4164 
1016 7762499 4128 
1017 7766627 4111 
1018 7770738 4178 
1019 7774916 4116 
1020 7779032 4162 
1021 7783194 4138 
1022 7787332 4114 
1023 7791446 4107 
1024 7795553 4104 
1025 7799657 4102 
1026 7803759 4083 
1027 7807842 4090 
1028 7811932 4072 
1029 7816004 4113 
1030 7820117 4052 
1031 7824169 4061 
1032 7828230 4111 
1033 7832341 4049 
1034 7836390 4069 
1035 7840459 4050 
1036 7844509 4086 
1037 7848595 4050 
1038 7852645 4060 
1039 7856705 4077 
1040 7860782 4097 
1041 7864879 4104 
1042 7868983 4073 
1043 7873056 4065 
1044 7877121 4045 
1045 7881166 4067 
1046 7885233 4030 
1047 7889263 4026 
1048 7893289 4048 
1049 7897337 4030 
1050 7901367 4036 
1051 7905403 4066 
1052 7909469 4055 
1053 7913524 4053 
1054 7917577 4071 
1055 7921648 4056 
1056 7925704 4023 
1057 7929727 4034 
1058 7933761 4037 
1059 7937798 4018 
1060 7941816 4028 
1061 7945844 4040 
1062 7949884 4035 
1063 7953919 4076 
1064 7957995 4017 
1065 7962012 4010 
1066 7966022 3987 
1067 7970009 3978 
1068 7973987 3986 
1069 7977973 4009 
1070 7981982 4009 
1071 7985991 3965 
1072 7989956 4004 
1073 7993960 4006 
1074 7997966 4016 
1075 8001982 3997 
1076 8005979 3985 
1077 8009964 3993 
1078 8013957 4004 
1079 8017961 3948 
1080 8021909 3978 
1081 8025887 3963 
1082 8029850 3961 
1083 8033811 3934 
1084 8037745 3931 
1085 8041676 3975 
1086 8045651 3949 
1087 8049600 3970 
1088 8053570 3948 
1089 8057518 3902 
1090 8061420 3922 
1091 8065342 3931 
1092 8069273 3936 
1093 8073209 3942 
1094 8077151 3977 
1095 8081128 3917 
1096 8085045 3960 
1097 8089005 3931 
1098 8092936 3906 
1099 8096842 3884 
1100 8100726 3921 
1101 8104647 3916 
1102 8108563 3917 
1103 8112480 3930 
1104 8116410 3903 
1105 8120313 3898 
1106 8124211 3896 
1107 8128107 3875 
1108 8131982 3874 
1109 8135856 3846 
1110 8139702 3896 
1111 8143598 3866 
1112 8147464 3851 
1113 8151315 3893 
1114 8155208 3894 
1115 8159102 3879 
1116 8162981 3875 
1117 8166856 3900 
1118 8170756 3884 
1119 8174640 3839 
1120 8178479 3873 
1121 8182352 3851 
1122 8186203 3853 
1123 8190056 3839 
1124 8193895 3846 
1125 8197741 3823 
1126 8201564 3830 
1127 8205394 3838 
1128 8209232 3838 
1129 8213070 3852 
1130 8216922 3808 
1131 8220730 3872 
1132 8224602 3825 
1133 8228427 3813 
1134 8232240 3850 
1135 8236090 3823 
1136 8239913 3878 
1137 8243791 3823 
1138 8247614 3830 
1139 8251444 3816 
1140 8255260 3798 
1141 8259058 3836 
1142 8262894 3849 
1143 8266743 3796 
1144 8270539 3802 
1145 8274341 3792 
1146 8278133 3817 
1147 8281950 3805 
1148 8285755 3801 
1149 8289556 3808 
1150 8293364 3797 
1151 8297161 3803 
1152 8300964 3791 
1153 8304755 3786 
1154 8308541 3831 
1155 8312372 3791 
1156 8316163 3787 
1157 8319950 3787 
1158 8323737 3810 
1159 8327547 3806 
1160 8331353 3821 
1161 8335174 3762 
1162 8338936 3775 
1163 8342711 3777 
1164 8346488 3770 
1165 8350258 3772 
1166 8354030 3745 
1167 8357775 3758 
1168 8361533 3768 
1169 8365301 3748 
1170 8369049 3766 
1171 8372815 3771 
1172 8376586 3757 
1173 8380343 3792 
1174 8384135 3725 
1175 8387860 3760 
1176 8391620 3746 
1177 8395366 3760 
1178 8399126 3743 
1179 8402869 3803 
1180 8406672 3748 
1181 8410420 3715 
1182 8414135 3742 
1183 8417877 3749 
1184 8421626 3768 
1185 8425394 3717 
1186 8429111 3724 
1187 8432835 3722 
1188 8436557 3747 
1189 8440304 3693 
1190 8443997 3721 
1191 8447718 3717 
1192 8451435 3707 
1193 8455142 3684 
1194 8458826 3702 
1195 8462528 3725 
1196 8466253 3714 
1197 8469967 3697 
1198 8473664 3678 
1199 8477342 3702 
1200 8481044 3717 
1201 8484761 3692 
1202 8488453 3692 
1203 8492145 3693 
1204 8495838 3682 
1205 8499520 3650 
1206 8503170 3676 
1207 8506846 3680 
1208 8510526 3659 
1209 8514185 3687 
1210 8517872 3675 
1211 8521547 3652 
1212 8525199 3671 
1213 8528870 3659 
1214 8532529 3635 
1215 8536164 3642 
1216 8539806 3661 
1217 8543467 3632 
1218 8547099 3663 
1219 8550762 3655 
1220 8554417 3677 
1221 8558094 3675 
1222 8561769 3641 
1223 8565410 3674 
1224 8569084 3658 
1225 8572742 3615 
1226 8576357 3636 
1227 8579993 3673 
1228 8583666 3615 
1229 8587281 3618 
1230 8590899 3628 
1231 8594527 3646 
1232 8598173 3639 
1233 8601812 3628 
1234 8605440 3650 
1235 8609090 3611 
1236 8612701 3623 
1237 8616324 3593 
1238 8619917 3620 
1239 8623537 3623 
1240 8627160 3622 
1241 8630782 3596 
1242 8634378 3631 
1243 8638009 3577 
1244 8641586 3590 
1245 8645176 3594 
1246 8648770 3568 
1247 8652338 3597 
1248 8655935 3595 
1249 8659530 3589 
1250 8663119 3627 
1251 8666746 3574 
1252 8670320 3599 
1253 8673919 3574 
1254 8677493 3592 
1255 8681085 3583 
1256 8684668 3570 
1257 8688238 3587 
1258 8691825 3560 
1259 8695385 3583 
1260 8698968 3547 
1261 8702515 3583 
1262 8706098 3586 
1263 8709684 3545 
1264 8713229 3605 
1265 8716834 3562 
1266 8720396 3545 
1267 8723941 3554 
1268 8727495 3537 
1269 8731032 3543 
1270 8734575 3536 
1271 8738111 3555 
1272 8741666 3527 
1273 8745193 3559 
1274 8748752 3547 
1275 8752299 3536 
1276 8755835 3538 
1277 8759373 3518 
1278 8762891 3549 
1279 8766440 3540 
1280 8769980 3526 
1281 8773506 3517 
1282 8777023 3521 
1283 8780544 3495 
1284 8784039 3510 
1285 8787549 3515 
1286 8791064 3487 
1287 8794551 3527 
1288 8798078 3524 
1289 8801602 3552 
1290 8805154 3496 
1291 8808650 3512 
1292 8812162 3499 
1293 8815661 3503 
1294 8819164 3515 
1295 8822679 3506 
1296 8826185 3480 
1297 8829665 3481 
1298 8833146 3467 
1299 8836613 3506 
1300 8840119 3517 
1301 8843636 3489 
1302 8847125 3473 
1303 8850598 3492 
1304 8854090 3506 
1305 8857596 3481 
1306 8861077 3483 
1307 8864560 3464 
1308 8868024 3452 
1309 8871476 3460 
1310 8874936 3446 
1311 8878382 3435 
1312 8881817 3465 
1313 8885282 3465 
1314 8888747 3442 
1315 8892189 3431 
1316 8895620 3454 
1317 8899074 3466 
1318 8902540 3472 
1319 8906012 3462 
1320 8909474 3470 
1321 8912944 3462 
1322 8916406 3503 
1323 8919909 3449 
1324 8923358 3464 
1325 8926822 3425 
1326 8930247 3432 
1327 8933679 3413 
1328 8937092 3461 
1329 8940553 3430 
1330 8943983 3414 
1331 8947397 3399 
1332 8950796 3420 
1333 8954216 3419 
1334 8957635 3437 
1335 8961072 3430 
1336 8964502 3422 
1337 8967924 3421 
1338 8971345 3418 
1339 8974763 3402 
1340 8978165 3368 
1341 8981533 3424 
1342 8984957 3395 
1343 8988352 3397 
1344 8991749 3372 
1345 8995121 3431 
1346 8998552 3378 
1347 9001930 3376 
1348 9005306 3405 
1349 9008711 3400 
1350 9012111 3371 
1351 9015482 3386 
1352 9018868 3398 
1353 9022266 3348 
1354 9025614 3410 
1355 9029024 3383 
1356 9032407 3423 
1357 9035830 3320 
1358 9039150 3364 
1359 9042514 3376 
1360 9045890 3349 
1361 9049239 3388 
1362 9052627 3386 
1363 9056013 3376 
1364 9059389 3355 
1365 9062744 3360 
1366 9066104 3355 
1367 9069459 3338 
1368 9072797 3338 
1369 9076135 3341 
1370 9079476 3360 
1371 9082836 3351 
1372 9086187 3380 
1373 9089567 3359 
1374 9092926 3367 
1375 9096293 3351 
1376 9099644 3342 
1377 9102986 3327 
1378 9106313 3341 
1379 9109654 3315 
1380 9112969 3341 
1381 9116310 3302 
1382 9119612 3350 
1383 9122962 3317 
1384 9126279 3311 
1385 9129590 3308 
1386 9132898 3304 
1387 9136202 3313 
1388 9139515 3344 
1389 9142859 3321 
1390 9146180 3300 
1391 9149480 3309 
1392 9152789 3285 
1393 9156074 3286 
1394 9159360 3282 
1395 9162642 3320 
1396 9165962 3247 
1397 9169209 3287 
1398 9172496 3320 
1399 9175816 3338 
1400 9179154 3276 
1401 9182430 3284 
1402 9185714 3301 
1403 9189015 3268 
1404 9192283 3279 
1405 9195562 3284 
1406 9198846 3300 
1407 9202146 3261 
1408 9205407 3255 
1409 9208662 3260 
1410 9211922 3250 
1411 9215172 3262 
1412 9218434 3267 
1413 9221701 3244 
1414 9224945 3239 
1415 9228184 3231 
1416 9231415 3221 
1417 9234636 3212 
1418 9237848 3229 
1419 9241077 3209 
1420 9244286 3238 
1421 9247524 3234 
1422 9250758 3190 
1423 9253948 3222 
1424 9257170 3214 
1425 9260384 3222 
1426 9263606 3241 
1427 9266847 3178 
1428 9270025 3233 
1429 9273258 3215 
1430 9276473 3207 
1431 9279680 3186 
1432 9282866 3175 
1433 9286041 3188 
1434 9289229 3170 
1435 9292399 3160 
1436 9295559 3203 
1437 9298762 3183 
1438 9301945 3164 
1439 9305109 3184 
1440 9308293 3180 
1441 9311473 3205 
1442 9314678 3164 
1443 9317842 3191 
1444 9321033 3187 
1445 9324220 3175 
1446 9327395 3165 
1447 9330560 3141 
1448 9333701 3131 
1449 9336832 3170 
1450 9340002 3146 
1451 9343148 3133 
1452 9346281 3137 
1453 9349418 3150 
1454 9352568 3133 
1455 9355701 3132 
1456 9358833 3136 
1457 9361969 3144 
1458 9365113 3140 
1459 9368253 3157 
1460 9371410 3123 
1461 9374533 3120 
1462 9377653 3136 
1463 9380789 3131 
1464 9383920 3155 
1465 9387075 3116 
1466 9390191 3132 
1467 9393323 3100 
1468 9396423 3122 
1469 9399545 3147 
1470 9402692 3124 
1471 9405816 3103 
1472 9408919 3091 
1473 9412010 3128 
1474 9415138 3102 
1475 9418240 3089 
1476 9421329 3097 
1477 9424426 3117 
1478 9427543 3100 
1479 9430643 3097 
1480 9433740 3081 
1481 9436821 3102 
1482 9439923 3063 
1483 9442986 3086 
1484 9446072 3079 
1485 9449151 3098 
1486 9452249 3106 
1487 9455355 3055 
1488 9458410 3065 
1489 9461475 3091 
1490 9464566 3059 
1491 9467625 3081 
1492 9470706 3053 
1493 9473759 3046 
1494 9476805 3094 
1495 9479899 3079 
1496 9482978 3055 
1497 9486033 3080 
1498 9489113 3084 
1499 9492197 3022 
1500 9495219 3054 
1501 9498273 3039 
1502 9501312 3051 
1503 9504363 3024 
1504 9507387 3035 
1505 9510422 3041 
1506 9513463 3024 
1507 9516487 3010 
1508 9519497 3035 
1509 9522532 3070 
1510 9525602 3015 
1511 9528617 3035 
1512 9531652 3027 
1513 9534679 3006 
1514 9537685 3044 
1515 9540729 3039 
1516 9543768 2995 
1517 9546763 3008 
1518 9549771 3038 
1519 9552809 2993 
1520 9555802 2999 
1521 9558801 3030 
1522 9561831 2990 
1523 9564821 2993 
1524 9567814 3003 
1525 9570817 2973 
1526 9573790 2978 
1527 9576768 2977 
1528 9579745 3037 
1529 9582782 2972 
1530 9585754 2957 
1531 9588711 2977 
1532 9591688 2954 
1533 9594642 3009 
1534 9597651 2974 
1535 9600625 2966 
1536 9603591 2961 
1537 9606552 2947 
1538 9609499 2974 
1539 9612473 2951 
1540 9615424 2976 
1541 9618400 2966 
1542 9621366 2984 
1543 9624350 2960 
1544 9627310 2950 
1545 9630260 2961 
1546 9633221 2958 
1547 9636179 2970 
1548 9639149 2959 
1549 9642108 2960 
1550 9645068 2962 
1551 9648030 2927 
1552 9650957 2968 
1553 9653925 2960 
1554 9656885 2955 
1555 9659840 2984 
1556 9662824 2956 
1557 9665780 2943 
1558 9668723 2925 
1559 9671648 2935 
1560 9674583 2936 
1561 9677519 2916 
1562 9680435 2905 
1563 9683340 2902 
1564 9686242 2921 
1565 9689163 2889 
1566 9692052 2930 
1567 9694982 2909 
1568 9697891 2922 
1569 9700813 2894 
1570 9703707 2891 
1571 9706598 2914 
1572 9709512 2889 
1573 9712401 2886 
1574 9715287 2907 
1575 9718194 2942 
1576 9721136 2912 
1577 9724048 2906 
1578 9726954 2892 
1579 9729846 2870 
1580 9732716 2914 
1581 9735630 2895 
1582 9738525 2893 
1583 9741418 2901 
1584 9744319 2857 
1585 9747176 2851 
1586 9750027 2860 
1587 9752887 2910 
1588 9755797 2856 
1589 9758653 2865 
1590 9761518 2853 
1591 9764371 2872 
1592 9767243 2839 
1593 9770082 2860 
1594 9772942 2865 
1595 9775807 2828 
1596 9778635 2870 
1597 9781505 2861 
1598 9784366 2827 
1599 9787193 2836 
1600 9790029 2861 
1601 9792890 2830 
1602 9795720 2841 
1603 9798561 2840 
1604 9801401 2840 
1605 9804241 2834 
1606 9807075 2860 
1607 9809935 2876 
1608 9812811 2826 
1609 9815637 2817 
1610 9818454 2826 
1611 9821280 2871 
1612 9824151 2845 
1613 9826996 2795 
1614 9829791 2808 
1615 9832599 2850 
1616 9835449 2826 
1617 9838275 2906 
1618 9841181 2813 
1619 9843994 2788 
1620 9846782 2819 
1621 9849601 2810 
1622 9852411 2811 
1623 9855222 2798 
1624 9858020 2815 
1625 9860835 2828 
1626 9863663 2852 
1627 9866515 2801 
1628 9869316 2819 
1629 9872135 2783 
1630 9874918 2792 
1631 9877710 2785 
1632 9880495 2768 
1633 9883263 2801 
1634 9886064 2757 
1635 9888821 2775 
1636 9891596 2771 
1637 9894367 2776 
1638 9897143 2758 
1639 9899901 2803 
1640 9902704 2752 
1641 9905456 2803 
1642 9908259 2783 
1643 9911042 2760 
1644 9913802 2760 
1645 9916562 2744 
1646 9919306 2738 
1647 9922044 2765 
1648 9924809 2761 
1649 9927570 2740 
1650 9930310 2748 
1651 9933058 2728 
1652 9935786 2773 
1653 9938559 2773 
1654 9941332 2752 
1655 9944084 2721 
1656 9946805 2735 
1657 9949540 2723 
1658 9952263 2737 
1659 9955000 2744 
1660 9957744 2748 
1661 9960492 2729 
1662 9963221 2704 
1663 9965925 2718 
1664 9968643 2719 
1665 9971362 2790 
1666 9974152 2700 
1667 9976852 2708 
1668 9979560 2701 
1669 9982261 2730 
1670 9984991 2718 
1671 9987709 2722 
1672 9990431 2709 
1673 9993140 2715 
1674 9995855 2702 
1675 9998557 2696 
1676 10001253 2747 
1677 10004000 2726 
1678 10006726 2703 
1679 10009429 2695 
1680 10012124 2689 
1681 10014813 2689 
1682 10017502 2670 
1683 10020172 2680 
1684 10022852 2714 
1685 10025566 2703 
1686 10028269 2715 
1687 10030984 2682 
1688 10033666 2663 
1689 10036329 2700 
1690 10039029 2696 
1691 10041725 2713 
1692 10044438 2693 
1693 10047131 2678 
1694 10049809 2692 
1695 10052501 2671 
1696 10055172 2679 
1697 10057851 2660 
1698 10060511 2679 
1699 10063190 2670 
1700 10065860 2666 
1701 10068526 2634 
1702 10071160 2674 
1703 10073834 2643 
1704 10076477 2654 
1705 10079131 2686 
1706 10081817 2648 
1707 10084465 2668 
1708 10087133 2634 
1709 10089767 2636 
1710 10092403 2621 
1711 10095024 2635 
1712 10097659 2632 
1713 10100291 2624 
1714 10102915 2620 
1715 10105535 2637 
1716 10108172 2614 
1717 10110786 2630 
1718 10113416 2663 
1719 10116079 2629 
1720 10118708 2647 
1721 10121355 2651 
1722 10124006 2627 
1723 10126633 2621 
1724 10129254 2613 
1725 10131867 2601 
1726 10134468 2625 
1727 10137093 2628 
1728 10139721 2614 
1729 10142335 2614 
1730 10144949 2617 
1731 10147566 2599 
1732 10150165 2645 
1733 10152810 2599 
1734 10155409 2589 
1735 10157998 2602 
1736 10160600 2630 
1737 10163230 2612 
1738 10165842 2590 
1739 10168432 2616 
1740 10171048 2580 
1741 10173628 2596 
1742 10176224 2602 
1743 10178826 2613 
1744 10181439 2594 
1745 10184033 2609 
1746 10186642 2591 
1747 10189233 2590 
1748 10191823 2587 
1749 10194410 2584 
1750 10196994 2595 
1751 10199589 2565 
1752 10202154 2600 
1753 10204754 2680 
1754 10207434 2546 
1755 10209980 2588 
1756 10212568 2553 
1757 10215121 2579 
1758 10217700 2557 
1759 10220257 2557 
1760 10222814 2576 
1761 10225390 2590 
1762 10227980 2579 
1763 10230559 2557 
1764 10233116 2546 
1765 10235662 2552 
1766 10238214 2563 
1767 10240777 2566 
1768 10243343 2552 
1769 10245895 2577 
1770 10248472 2555 
1771 10251027 2580 
1772 10253607 2597 
1773 10256204 2590 
1774 10258794 2533 
1775 10261327 2520 
1776 10263847 2536 
1777 10266383 2566 
1778 10268949 2547 
1779 10271496 2570 
1780 10274066 2532 
1781 10276598 2539 
1782 10279137 2568 
1783 10281705 2538 
1784 10284243 2505 
1785 10286748 2520 
1786 10289268 2546 
1787 10291814 2530 
1788 10294344 2532 
1789 10296876 2540 
1790 10299416 2550 
1791 10301966 2516 
1792 10304482 2555 
1793 10307037 2542 
1794 10309579 2527 
1795 10312106 2533 
1796 10314639 2499 
1797 10317138 2506 
1798 10319644 2511 
1799 10322155 2516 
1800 10324671 2496 
1801 10327167 2499 
1802 10329666 2515 
1803 10332181 2483 
1804 10334664 2537 
1805 10337201 2511 
1806 10339712 2480 
1807 10342192 2473 
1808 10344665 2490 
1809 10347155 2509 
1810 10349664 2535 
1811 10352199 2510 
1812 10354709 2472 
1813 10357181 2513 
1814 10359694 2487 
1815 10362181 2475 
1816 10364656 2473 
1817 10367129 2473 
1818 10369602 2490 
1819 10372092 2503 
1820 10374595 2466 
1821 10377061 2508 
1822 10379569 2484 
1823 10382053 2481 
1824 10384534 2487 
1825 10387021 2504 
1826 10389525 2485 
1827 10392010 2487 
1828 10394497 2446 
1829 10396943 2481 
1830 10399424 2447 
1831 10401871 2432 
1832 10404303 2461 
1833 10406764 2477 
1834 10409241 2448 
1835 10411689 2450 
1836 10414139 2451 
1837 10416590 2470 
1838 10419060 2435 
1839 10421495 2467 
1840 10423962 2437 
1841 10426399 2416 
1842 10428815 2447 
1843 10431262 2449 
1844 10433711 2407 
1845 10436118 2409 
1846 10438527 2404 
1847 10440931 2447 
1848 10443378 2435 
1849 10445813 2422 
1850 10448235 2424 
1851 10450659 2438 
1852 10453097 2437 
1853 10455534 2440 
1854 10457974 2440 
1855 10460414 2422 
1856 10462836 2444 
1857 10465280 2415 
1858 10467695 2410 
1859 10470105 2396 
1860 10472501 2385 
1861 10474886 2396 
1862 10477282 2410 
1863 10479692 2402 
1864 10482094 2379 
1865 10484473 2399 
1866 10486872 2406 
1867 10489278 2438 
1868 10491716 2374 
1869 10494090 2408 
1870 10496498 2389 
1871 10498887 2399 
1872 10501286 2402 
1873 10503688 2407 
1874 10506095 2367 
1875 10508462 2377 
1876 10510839 2386 
1877 10513225 2385 
1878 10515610 2402 
1879 10518012 2394 
1880 10520406 2371 
1881 10522777 2376 
1882 10525153 2372 
1883 10527525 2355 
1884 10529880 2346 
1885 10532226 2352 
1886 10534578 2348 
1887 10536926 2370 
1888 10539296 2363 
1889 10541659 2337 
1890 10543996 2369 
1891 10546365 2351 
1892 10548716 2353 
1893 10551069 2352 
1894 10553421 2341 
1895 10555762 2401 
1896 10558163 2367 
1897 10560530 2362 
1898 10562892 2372 
1899 10565264 2338 
1900 10567602 2337 
1901 10569939 2329 
1902 10572268 2323 
1903 10574591 2362 
1904 10576953 2339 
1905 10579292 2305 
1906 10581597 2310 
1907 10583907 2328 
1908 10586235 2326 
1909 10588561 2311 
1910 10590872 2339 
1911 10593211 2320 
1912 10595531 2294 
1913 10597825 2314 
1914 10600139 2287 
1915 10602426 2317 
1916 10604743 2318 
1917 10607061 2288 
1918 10609349 2297 
1919 10611646 2298 
1920 10613944 2307 
1921 10616251 2305 
1922 10618556 2292 
1923 10620848 2295 
1924 10623143 2266 
1925 10625409 2309 
1926 10627718 2301 
1927 10630019 2299 
1928 10632318 2310 
1929 10634628 2274 
1930 10636902 2268 
1931 10639170 2329 
1932 10641499 2244 
1933 10643743 2255 
1934 10645998 2258 
1935 10648256 2263 
1936 10650519 2261 
1937 10652780 2268 
1938 10655048 2237 
1939 10657285 2283 
1940 10659568 2261 
1941 10661829 2264 
1942 10664093 2250 
1943 10666343 2249 
1944 10668592 2226 
1945 10670818 2250 
1946 10673068 2222 
1947 10675290 2242 
1948 10677532 2217 
1949 10679749 2217 
1950 10681966 2220 
1951 10684186 2239 
1952 10686425 2233 
1953 10688658 2208 
1954 10690866 2202 
1955 10693068 2198 
1956 10695266 2222 
1957 10697488 2201 
1958 10699689 2217 
1959 10701906 2221 
1960 10704127 2243 
1961 10706370 2233 
1962 10708603 2218 
1963 10710821 2204 
1964 10713025 2191 
1965 10715216 2204 
1966 10717420 2187 
1967 10719607 2189 
1968 10721796 2212 
1969 10724008 2242 
1970 10726250 2195 
1971 10728445 2236 
1972 10730681 2170 
1973 10732851 2229 
1974 10735080 2195 
1975 10737275 2214 
1976 10739489 2183 
1977 10741672 2179 
1978 10743851 2165 
1979 10746016 2216 
1980 10748232 2171 
1981 10750403 2205 
1982 10752608 2199 
1983 10754807 2153 
1984 10756960 2169 
1985 10759129 2176 
1986 10761305 2184 
1987 10763489 2166 
1988 10765655 2170 
1989 10767825 2171 
1990 10769996 2169 
1991 10772165 2170 
1992 10774335 2147 
1993 10776482 2161 
1994 10778643 2155 
1995 10780798 2151 
1996 10782949 2179 
1997 10785128 2156 
1998 10787284 2172 
1999 10789456 2193 
2000 10791649 2152 
2001 10793801 2143 
2002 10795944 2144 
2003 10798088 2164 
2004 10800252 2152 
2005 10802404 2168 
2006 10804572 2202 
2007 10806774 2158 
2008 10808932 2162 
2009 10811094 2132 
2010 10813226 2138 
2011 10815364 2123 
2012 10817487 2131 
2013 10819618 2141 
2014 10821759 2142 
2015 10823901 2160 
2016 10826061 2155 
2017 10828216 2123 
2018 10830339 2105 
2019 10832444 2087 
2020 10834531 2094 
2021 10836625 2106 
2022 10838731 2142 
2023 10840873 2107 
2024 10842980 2094 
2025 10845074 2113 
2026 10847187 2138 
2027 10849325 2105 
2028 10851430 2090 
2029 10853520 2091 
2030 10855611 2089 
2031 10857700 2114 
2032 10859814 2100 
2033 10861914 2098 
2034 10864012 2121 
2035 10866133 2066 
2036 10868199 2084 
2037 10870283 2083 
2038 10872366 2118 
2039 10874484 2104 
2040 10876588 2095 
2041 10878683 2085 
2042 10880768 2079 
2043 10882847 2109 
2044 10884956 2099 
2045 10887055 2105 
2046 10889160 2077 
2047 10891237 2080 
2048 10893317 2099 
2049 10895416 2075 
2050 10897491 2088 
2051 10899579 2088 
2052 10901667 2066 
2053 10903733 2058 
2054 10905791 2060 
2055 10907851 2045 
2056 10909896 2068 
2057 10911964 2078 
2058 10914042 2075 
2059 10916117 2133 
2060 10918250 2051 
2061 10920301 2088 
2062 10922389 2048 
2063 10924437 2053 
2064 10926490 2032 
2065 10928522 2036 
2066 10930558 2082 
2067 10932640 2047 
2068 10934687 2077 
2069 10936764 2059 
2070 10938823 2057 
2071 10940880 2050 
2072 10942930 2009 
2073 10944939 2065 
2074 10947004 2048 
2075 10949052 2030 
2076 10951082 1994 
2077 10953076 2037 
2078 10955113 2056 
2079 10957169 2014 
2080 10959183 1996 
2081 10961179 2003 
2082 10963182 2037 
2083 10965219 2035 
2084 10967254 2012 
2085 10969266 1972 
2086 10971238 2020 
2087 10973258 2017 
2088 10975275 2022 
2089 10977297 2011 
2090 10979308 2000 
2091 10981308 2019 
2092 10983327 2018 
2093 10985345 2009 
2094 10987354 2008 
2095 10989362 1994 
2096 10991356 1984 
2097 10993340 1980 
2098 10995320 1967 
2099 10997287 1996 
2100 10999283 1969 
2101 11001252 1964 
2102 11003216 1965 
2103 11005181 1991 
2104 11007172 1973 
2105 11009145 1992 
2106 11011137 1997 
2107 11013134 1963 
2108 11015097 1956 
2109 11017053 1994 
2110 11019047 1979 
2111 11021026 1983 
2112 11023009 1974 
2113 11024983 1957 
2114 11026940 1955 
2115 11028895 1979 
2116 11030874 1965 
2117 11032839 1954 
2118 11034793 1959 
2119 11036752 1933 
2120 11038685 1970 
2121 11040655 1936 
2122 11042591 1922 
2123 11044513 1935 
2124 11046448 1932 
2125 11048380 1937 
2126 11050317 1936 
2127 11052253 1948 
2128 11054201 1966 
2129 11056167 1940 
2130 11058107 1915 
2131 11060022 1942 
2132 11061964 1924 
2133 11063888 1946 
2134 11065834 1949 
2135 11067783 1953 
2136 11069736 1968 
2137 11071704 1937 
2138 11073641 1910 
2139 11075551 1894 
2140 11077445 1952 
2141 11079397 1936 
2142 11081333 1912 
2143 11083245 1921 
2144 11085166 1906 
2145 11087072 1927 
2146 11088999 1934 
2147 11090933 1896 
2148 11092829 1910 
2149 11094739 1903 
2150 11096642 1917 
2151 11098559 1902 
2152 11100461 1919 
2153 11102380 1877 
2154 11104257 1941 
2155 11106198 1867 
2156 11108065 1888 
2157 11109953 1879 
2158 11111832 1911 
2159 11113743 1885 
2160 11115628 1898 
2161 11117526 1887 
2162 11119413 1887 
2163 11121300 1872 
2164 11123172 1889 
2165 11125061 1846 
2166 11126907 1857 
2167 11128764 1868 
2168 11130632 1881 
2169 11132513 1875 
2170 11134388 1874 
2171 11136262 1875 
2172 11138137 1897 
2173 11140034 1873 
2174 11141907 1889 
2175 11143796 1865 
2176 11145661 1875 
2177 11147536 1870 
2178 11149406 1837 
2179 11151243 1878 
2180 11153121 1846 
2181 11154967 1873 
2182 11156840 1869 
2183 11158709 1866 
2184 11160575 1835 
2185 11162410 1840 
2186 11164250 1838 
2187 11166088 1871 
2188 11167959 1829 
2189 11169788 1857 
2190 11171645 1849 
2191 11173494 1863 
2192 11175357 1849 
2193 11177206 1835 
2194 11179041 1838 
2195 11180879 1842 
2196 11182721 1817 
2197 11184538 1852 
2198 11186390 1828 
2199 11188218 1837 
2200 11190055 1857 
2201 11191912 1793 
2202 11193705 1817 
2203 11195522 1837 
2204 11197359 1852 
2205 11199211 1848 
2206 11201059 1813 
2207 11202872 1815 
2208 11204687 1808 
2209 11206495 1826 
2210 11208321 1809 
2211 11210130 1803 
2212 11211933 1815 
2213 11213748 1806 
2214 11215554 1825 
2215 11217379 1768 
2216 11219147 1780 
2217 11220927 1799 
2218 11222726 1791 
2219 11224517 1806 
2220 11226323 1795 
2221 11228118 1792 
2222 11229910 1794 
2223 11231704 1806 
2224 11233510 1809 
2225 11235319 1778 
2226 11237097 1771 
2227 11238868 1814 
2228 11240682 1783 
2229 11242465 1784 
2230 11244249 1767 
2231 11246016 1791 
2232 11247807 1788 
2233 11249595 1801 
2234 11251396 1786 
2235 11253182 1812 
2236 11254994 1786 
2237 11256780 1793 
2238 11258573 1741 
2239 11260314 1776 
2240 11262090 1799 
2241 11263889 1797 
2242 11265686 1758 
2243 11267444 1781 
2244 11269225 1762 
2245 11270987 1776 
2246 11272763 1757 
2247 11274520 1802 
2248 11276322 1764 
2249 11278086 1756 
2250 11279842 1785 
2251 11281627 1760 
2252 11283387 1787 
2253 11285174 1754 
2254 11286928 1744 
2255 11288672 1751 
2256 11290423 1765 
2257 11292188 1743 
2258 11293931 1742 
2259 11295673 1755 
2260 11297428 1747 
2261 11299175 1749 
2262 11300924 1773 
2263 11302697 1753 
2264 11304450 1724 
2265 11306174 1777 
2266 11307951 1758 
2267 11309709 1743 
2268 11311452 1756 
2269 11313208 1728 
2270 11314936 1710 
2271 11316646 1746 
2272 11318392 1703 
2273 11320095 1726 
2274 11321821 1728 
2275 11323549 1723 
2276 11325272 1760 
2277 11327032 1718 
2278 11328750 1715 
2279 11330465 1690 
2280 11332155 1750 
2281 11333905 1735 
2282 11335640 1711 
2283 11337351 1692 
2284 11339043 1711 
2285 11340754 1717 
2286 11342471 1704 
2287 11344175 1714 
2288 11345889 1708 
2289 11347597 1701 
2290 11349298 1714 
2291 11351012 1707 
2292 11352719 1730 
2293 11354449 1716 
2294 11356165 1684 
2295 11357849 1690 
2296 11359539 1700 
2297 11361239 1681 
2298 11362920 1688 
2299 11364608 1655 
2300 11366263 1685 
2301 11367948 1673 
2302 11369621 1659 
2303 11371280 1688 
2304 11372968 1675 
2305 11374643 1694 
2306 11376337 1682 
2307 11378019 1669 
2308 11379688 1657 
2309 11381345 1658 
2310 11383003 1657 
2311 11384660 1662 
2312 11386322 1666 
2313 11387988 1653 
2314 11389641 1661 
2315 11391302 1689 
2316 11392991 1630 
2317 11394621 1630 
2318 11396251 1651 
2319 11397902 1665 
2320 11399567 1645 
2321 11401212 1665 
2322 11402877 1629 
2323 11404506 1656 
2324 11406162 1662 
2325 11407824 1710 
2326 11409534 1637 
2327 11411171 1639 
2328 11412810 1703 
2329 11414513 1664 
2330 11416177 1630 
2331 11417807 1619 
2332 11419426 1644 
2333 11421070 1600 
2334 11422670 1643 
2335 11424313 1619 
2336 11425932 1643 
2337 11427575 1641 
2338 11429216 1615 
2339 11430831 1622 
2340 11432453 1615 
2341 11434068 1647 
2342 11435715 1645 
2343 11437360 1620 
2344 11438980 1633 
2345 11440613 1605 
2346 11442218 1667 
2347 11443885 1612 
2348 11445497 1612 
2349 11447109 1639 
2350 11448748 1642 
2351 11450390 1634 
2352 11452024 1597 
2353 11453621 1613 
2354 11455234 1631 
2355 11456865 1615 
2356 11458480 1623 
2357 11460103 1600 
2358 11461703 1601 
2359 11463304 1606 
2360 11464910 1606 
2361 11466516 1598 
2362 11468114 1651 
2363 11469765 1586 
2364 11471351 1621 
2365 11472972 1610 
2366 11474582 1590 
2367 11476172 1569 
2368 11477741 1624 
2369 11479365 1578 
2370 11480943 1614 
2371 11482557 1576 
2372 11484133 1606 
2373 11485739 1578 
2374 11487317 1581 
2375 11488898 1571 
2376 11490469 1589 
2377 11492058 1596 
2378 11493654 1561 
2379 11495215 1569 
2380 11496784 1583 
2381 11498367 1571 
2382 11499938 1565 
2383 11501503 1594 
2384 11503097 1594 
2385 11504691 1600 
2386 11506291 1575 
2387 11507866 1570 
2388 11509436 1580 
2389 11511016 1552 
2390 11512568 1552 
2391 11514120 1551 
2392 11515671 1546 
2393 11517217 1546 
2394 11518763 1543 
2395 11520306 1600 
2396 11521906 1555 
2397 11523461 1541 
2398 11525002 1531 
2399 11526533 1547 
2400 11528080 1542 
2401 11529622 1549 
2402 11531171 1572 
2403 11532743 1534 
2404 11534277 1512 
2405 11535789 1555 
2406 11537344 1542 
2407 11538886 1540 
2408 11540426 1560 
2409 11541986 1522 
2410 11543508 1522 
2411 11545030 1513 
2412 11546543 1520 
2413 11548063 1580 
2414 11549643 1543 
2415 11551186 1544 
2416 11552730 1497 
2417 11554227 1531 
2418 11555758 1505 
2419 11557263 1525 
2420 11558788 1499 
2421 11560287 1508 
2422 11561795 1529 
2423 11563324 1513 
2424 11564837 1499 
2425 11566336 1501 
2426 11567837 1533 
2427 11569370 1513 
2428 11570883 1527 
2429 11572410 1547 
2430 11573957 1540 
2431 11575497 1494 
2432 11576991 1506 
2433 11578497 1509 
2434 11580006 1498 
2435 11581504 1476 
2436 11582980 1476 
2437 11584456 1487 
2438 11585943 1500 
2439 11587443 1513 
2440 11588956 1497 
2441 11590453 1491 
2442 11591944 1519 
2443 11593463 1514 
2444 11594977 1467 
2445 11596444 1506 
2446 11597950 1500 
2447 11599450 1524 
2448 11600974 1472 
2449 11602446 1471 
2450 11603917 1492 
2451 11605409 1504 
2452 11606913 1469 
2453 11608382 1474 
2454 11609856 1477 
2455 11611333 1505 
2456 11612838 1497 
2457 11614335 1492 
2458 11615827 1466 
2459 11617293 1472 
2460 11618765 1480 
2461 11620245 1470 
2462 11621715 1474 
2463 11623189 1472 
2464 11624661 1476 
2465 11626137 1481 
2466 11627618 1463 
2467 11629081 1449 
2468 11630530 1445 
2469 11631975 1454 
2470 11633429 1428 
2471 11634857 1469 
2472 11636326 1422 
2473 11637748 1396 
2474 11639144 1433 
2475 11640577 1436 
2476 11642013 1415 
2477 11643428 1407 
2478 11644835 1430 
2479 11646265 1459 
2480 11647724 1422 
2481 11649146 1466 
2482 11650612 1416 
2483 11652028 1442 
2484 11653470 1404 
2485 11654874 1420 
2486 11656294 1430 
2487 11657724 1439 
2488 11659163 1453 
2489 11660616 1421 
2490 11662037 1426 
2491 11663463 1438 
2492 11664901 1469 
2493 11666370 1421 
2494 11667791 1386 
2495 11669177 1396 
2496 11670573 1407 
2497 11671980 1391 
2498 11673371 1409 
2499 11674780 1410 
2500 11676190 1428 
2501 11677618 1381 
2502 11678999 1385 
2503 11680384 1363 
2504 11681747 1372 
2505 11683119 1412 
2506 11684531 1388 
2507 11685919 1383 
2508 11687302 1384 
2509 11688686 1391 
2510 11690077 1376 
2511 11691453 1390 
2512 11692843 1389 
2513 11694232 1378 
2514 11695610 1365 
2515 11696975 1359 
2516 11698334 1351 
2517 11699685 1371 
2518 11701056 1400 
2519 11702456 1360 
2520 11703816 1378 
2521 11705194 1360 
2522 11706554 1353 
2523 11707907 1368 
2524 11709275 1327 
2525 11710602 1344 
2526 11711946 1355 
2527 11713301 1363 
2528 11714664 1355 
2529 11716019 1388 
2530 11717407 1379 
2531 11718786 1348 
2532 11720134 1333 
2533 11721467 1367 
2534 11722834 1339 
2535 11724173 1325 
2536 11725498 1352 
2537 11726850 1352 
2538 11728202 1336 
2539 11729538 1323 
2540 11730861 1322 
2541 11732183 1340 
2542 11733523 1355 
2543 11734878 1345 
2544 11736223 1355 
2545 11737578 1355 
2546 11738933 1351 
2547 11740284 1321 
2548 11741605 1320 
2549 11742925 1320 
2550 11744245 1285 
2551 11745530 1325 
2552 11746855 1306 
2553 11748161 1291 
2554 11749452 1335 
2555 11750787 1309 
2556 11752096 1310 
2557 11753406 1310 
2558 11754716 1297 
2559 11756013 1277 
2560 11757290 1309 
2561 11758599 1298 
2562 11759897 1304 
2563 11761201 1306 
2564 11762507 1278 
2565 11763785 1280 
2566 11765065 1307 
2567 11766372 1318 
2568 11767690 1297 
2569 11768987 1302 
2570 11770289 1300 
2571 11771589 1293 
2572 11772882 1306 
2573 11774188 1302 
2574 11775490 1301 
2575 11776791 1307 
2576 11778098 1297 
2577 11779395 1284 
2578 11780679 1270 
2579 11781949 1257 
2580 11783206 1268 
2581 11784474 1283 
2582 11785757 1281 
2583 11787038 1313 
2584 11788351 1271 
2585 11789622 1285 
2586 11790907 1275 
2587 11792182 1276 
2588 11793458 1259 
2589 11794717 1260 
2590 11795977 1262 
2591 11797239 1252 
2592 11798491 1258 
2593 11799749 1252 
2594 11801001 1239 
2595 11802240 1222 
2596 11803462 1250 
2597 11804712 1274 
2598 11805986 1249 
2599 11807235 1259 
2600 11808494 1259 
2601 11809753 1258 
2602 11811011 1223 
2603 11812234 1233 
2604 11813467 1229 
2605 11814696 1262 
2606 11815958 1246 
2607 11817204 1229 
2608 11818433 1246 
2609 11819679 1244 
2610 11820923 1241 
2611 11822164 1221 
2612 11823385 1241 
2613 11824626 1230 
2614 11825856 1234 
2615 11827090 1218 
2616 11828308 1251 
2617 11829559 1197 
2618 11830756 1233 
2619 11831989 1208 
2620 11833197 1235 
2621 11834432 1244 
2622 11835676 1210 
2623 11836886 1221 
2624 11838107 1189 
2625 11839296 1227 
2626 11840523 1234 
2627 11841757 1216 
2628 11842973 1258 
2629 11844231 1249 
2630 11845480 1195 
2631 11846675 1213 
2632 11847888 1220 
2633 11849108 1243 
2634 11850351 1201 
2635 11851552 1194 
2636 11852746 1217 
2637 11853963 1170 
2638 11855133 1208 
2639 11856341 1211 
2640 11857552 1185 
2641 11858737 1174 
2642 11859911 1182 
2643 11861093 1215 
2644 11862308 1218 
2645 11863526 1170 
2646 11864696 1178 
2647 11865874 1170 
2648 11867044 1159 
2649 11868203 1181 
2650 11869384 1215 
2651 11870599 1213 
2652 11871812 1159 
2653 11872971 1177 
2654 11874148 1196 
2655 11875344 1169 
2656 11876513 1168 
2657 11877681 1189 
2658 11878870 1158 
2659 11880028 1141 
2660 11881169 1149 
2661 11882318 1190 
2662 11883508 1165 
2663 11884673 1155 
2664 11885828 1140 
2665 11886968 1154 
2666 11888122 1151 
2667 11889273 1139 
2668 11890412 1148 
2669 11891560 1146 
2670 11892706 1149 
2671 11893855 1139 
2672 11894994 1150 
2673 11896144 1123 
2674 11897267 1139 
2675 11898406 1132 
2676 11899538 1152 
2677 11900690 1144 
2678 11901834 1130 
2679 11902964 1135 
2680 11904099 1108 
2681 11905207 1119 
2682 11906326 1107 
2683 11907433 1140 
2684 11908573 1128 
2685 11909701 1154 
2686 11910855 1124 
2687 11911979 1143 
2688 11913122 1130 
2689 11914252 1156 
2690 11915408 1143 
2691 11916551 1121 
2692 11917672 1095 
2693 11918767 1110 
2694 11919877 1113 
2695 11920990 1094 
2696 11922084 1129 
2697 11923213 1114 
2698 11924327 1117 
2699 11925444 1102 
2700 11926546 1084 
2701 11927630 1091 
2702 11928721 1087 
2703 11929808 1108 
2704 11930916 1082 
2705 11931998 1077 
2706 11933075 1113 
2707 11934188 1079 
2708 11935267 1089 
2709 11936356 1105 
2710 11937461 1099 
2711 11938560 1071 
2712 11939631 1104 
2713 11940735 1117 
2714 11941852 1093 
2715 11942945 1075 
2716 11944020 1088 
2717 11945108 1090 
2718 11946198 1073 
2719 11947271 1055 
2720 11948326 1093 
2721 11949419 1069 
2722 11950488 1073 
2723 11951561 1072 
2724 11952633 1074 
2725 11953707 1099 
2726 11954806 1084 
2727 11955890 1055 
2728 11956945 1115 
2729 11958060 1060 
2730 11959120 1048 
2731 11960168 1059 
2732 11961227 1069 
2733 11962296 1062 
2734 11963358 1059 
2735 11964417 1037 
2736 11965454 1046 
2737 11966500 1035 
2738 11967535 1072 
2739 11968607 1038 
2740 11969645 1046 
2741 11970691 1034 
2742 11971725 1033 
2743 11972758 1055 
2744 11973813 1034 
2745 11974847 1020 
2746 11975867 997 
2747 11976864 1003 
2748 11977867 1037 
2749 11978904 980 
2750 11979884 1008 
2751 11980892 1003 
2752 11981895 1022 
2753 11982917 986 
2754 11983903 1014 
2755 11984917 989 
2756 11985906 983 
2757 11986889 986 
2758 11987875 1007 
2759 11988882 987 
2760 11989869 975 
2761 11990844 972 
2762 11991816 999 
2763 11992815 983 
2764 11993798 1025 
2765 11994823 977 
2766 11995800 1005 
2767 11996805 972 
2768 11997777 1008 
2769 11998785 1016 
2770 11999801 983 
2771 12000784 986 
2772 12001770 957 
2773 12002727 996 
2774 12003723 947 
2775 12004670 975 
2776 12005645 945 
2777 12006590 959 
2778 12007549 962 
2779 12008511 981 
2780 12009492 953 
2781 12010445 1000 
2782 12011445 978 
2783 12012423 943 
2784 12013366 952 
2785 12014318 952 
2786 12015270 963 
2787 12016233 944 
2788 12017177 929 
2789 12018106 942 
2790 12019048 939 
2791 12019987 919 
2792 12020906 925 
2793 12021831 967 
2794 12022798 933 
2795 12023731 990 
2796 12024721 931 
2797 12025652 932 
2798 12026584 932 
2799 12027516 925 
2800 12028441 941 
2801 12029382 931 
2802 12030313 936 
2803 12031249 935 
2804 12032184 934 
2805 12033118 911 
2806 12034029 933 
2807 12034962 937 
2808 12035899 906 
2809 12036805 900 
2810 12037705 898 
2811 12038603 901 
2812 12039504 917 
2813 12040421 894 
2814 12041315 916 
2815 12042231 886 
2816 12043117 885 
2817 12044002 885 
2818 12044887 893 
2819 12045780 943 
2820 12046723 910 
2821 12047633 912 
2822 12048545 872 
2823 12049417 874 
2824 12050291 875 
2825 12051166 884 
2826 12052050 879 
2827 12052929 917 
2828 12053846 863 
2829 12054709 857 
2830 12055566 868 
2831 12056434 870 
2832 12057304 875 
2833 12058179 868 
2834 12059047 838 
2835 12059885 857 
2836 12060742 837 
2837 12061579 825 
2838 12062404 842 
2839 12063246 815 
2840 12064061 849 
2841 12064910 859 
2842 12065769 829 
2843 12066598 822 
2844 12067420 833 
2845 12068253 843 
2846 12069096 837 
2847 12069933 817 
2848 12070750 810 
2849 12071560 827 
2850 12072387 795 
2851 12073182 797 
2852 12073979 818 
2853 12074797 825 
2854 12075622 818 
2855 12076440 806 
2856 12077246 804 
2857 12078050 799 
2858 12078849 858 
2859 12079707 824 
2860 12080531 801 
2861 12081332 799 
2862 12082131 793 
2863 12082924 801 
2864 12083725 786 
2865 12084511 794 
2866 12085305 768 
2867 12086073 752 
2868 12086825 766 
2869 12087591 757 
2870 12088348 776 
2871 12089124 807 
2872 12089931 798 
2873 12090729 783 
2874 12091512 741 
2875 12092253 756 
2876 12093009 773 
2877 12093782 736 
2878 12094518 778 
2879 12095296 755 
2880 12096051 751 
2881 12096802 728 
2882 12097530 751 
2883 12098281 742 
2884 12099023 726 
2885 12099749 716 
2886 12100465 763 
2887 12101228 759 
2888 12101987 719 
2889 12102706 728 
2890 12103434 726 
2891 12104160 746 
2892 12104906 699 
2893 12105605 708 
2894 12106313 718 
2895 12107031 692 
2896 12107723 732 
2897 12108455 694 
2898 12109149 668 
2899 12109817 687 
2900 12110504 641 
2901 12111145 689 
2902 12111834 684 
2903 12112518 686 
2904 12113204 680 
2905 12113884 722 
2906 12114606 674 
2907 12115280 627 
2908 12115907 743 
2909 12116650 730 
2910 12117380 662 
2911 12118042 665 
2912 12118707 664 
2913 12119371 664 
2914 12120035 655 
2915 12120690 707 
2916 12121397 742 
2917 12122139 665 
2918 12122804 691 
2919 12123495 667 
2920 12124162 690 
2921 12124852 652 
2922 12125504 664 
2923 12126168 664 
2924 12126832 663 
2925 12127495 660 
2926 12128155 694 
2927 12128849 722 
2928 12129571 672 
2929 12130243 711 
2930 12130954 660 
2931 12131614 681 
2932 12132295 648 
2933 12132943 664 
2934 12133607 660 
2935 12134267 667 
2936 12134934 645 
2937 12135579 657 
2938 12136236 642 
2939 12136878 689 
2940 12137567 684 
2941 12138251 683 
2942 12138934 660 
2943 12139594 660 
2944 12140254 675 
2945 12140929 666 
2946 12141595 669 
2947 12142264 663 
2948 12142927 693 
2949 12143620 673 
2950 12144293 650 
2951 12144943 663 
2952 12145606 641 
2953 12146247 641 
2954 12146888 677 
2955 12147565 681 
2956 12148246 675 
2957 12148921 663 
2958 12149584 663 
2959 12150247 675 
2960 12150922 672 
2961 12151594 672 
2962 12152266 693 
2963 12152959 722 
2964 12153681 665 
2965 12154346 659 
2966 12155005 695 
2967 12155700 722 
2968 12156422 687 
2969 12157109 687 
2970 12157796 711 
2971 12158507 675 
2972 12159182 662 
2973 12159844 685 
2974 12160529 677 
2975 12161206 635 
2976 12161841 641 
2977 12162482 668 
2978 12163150 650 
2979 12163800 662 
2980 12164462 665 
2981 12165127 674 
2982 12165801 662 
2983 12166463 662 
2984 12167125 650 
2985 12167775 692 
2986 12168467 697 
2987 12169164 660 
2988 12169824 649 
2989 12170473 700 
2990 12171173 646 
2991 12171819 649 
2992 12172468 727 
2993 12173195 676 
2994 12173871 672 
2995 12174543 667 
2996 12175210 692 
2997 12175902 670 
2998 12176572 721 
2999 12177293 671 
3000 12177964 718 
3001 12178682 670 
3002 12179352 656 
3003 12180008 686 
3004 12180694 698 
3005 12181392 698 
3006 12182090 692 
3007 12182782 656 
3008 12183438 684 
3009 12184122 662 
3010 12184784 686 
3011 12185470 677 
3012 12186147 718 
3013 12186865 652 
3014 12187517 646 
3015 12188163 670 
3016 12188833 682 
3017 12189515 667 
3018 12190182 667 
3019 12190849 652 
3020 12191501 637 
3021 12192138 657 
3022 12192795 691 
3023 12193486 692 
3024 12194178 671 
3025 12194849 692 
3026 12195541 658 
3027 12196199 691 
3028 12196890 675 
3029 12197565 707 
3030 12198272 675 
3031 12198947 691 
3032 12199638 670 
3033 12200308 682 
3034 12200990 706 
3035 12201696 706 
3036 12202402 659 
3037 12203061 721 
3038 12203782 658 
3039 12204440 685 
3040 12205125 687 
3041 12205812 684 
3042 12206496 658 
3043 12207154 654 
3044 12207808 648 
3045 12208456 645 
3046 12209101 661 
3047 12209762 645 
3048 12210407 648 
3049 12211055 639 
3050 12211694 644 
3051 12212338 669 
3052 12213007 636 
3053 12213643 693 
3054 12214336 654 
3055 12214990 642 
3056 12215632 667 
3057 12216299 672 
3058 12216971 674 
3059 12217645 705 
3060 12218350 701 
3061 12219051 696 
3062 12219747 660 
3063 12220407 698 
3064 12221105 641 
3065 12221746 698 
3066 12222444 685 
3067 12223129 690 
3068 12223819 660 
3069 12224479 725 
3070 12225204 661 
3071 12225865 702 
3072 12226567 699 
3073 12227266 647 
3074 12227913 670 
3075 12228583 632 
3076 12229215 659 
3077 12229874 631 
3078 12230505 647 
3079 12231152 656 
3080 12231808 660 
3081 12232468 636 
3082 12233104 634 
3083 12233738 635 
3084 12234373 661 
3085 12235034 662 
3086 12235696 659 
3087 12236355 668 
3088 12237023 673 
3089 12237696 716 
3090 12238412 686 
3091 12239098 711 
3092 12239809 646 
3093 12240455 711 
3094 12241166 678 
3095 12241844 677 
3096 12242521 716 
3097 12243237 689 
3098 12243926 695 
3099 12244621 713 
3100 12245334 694 
3101 12246028 689 
3102 12246717 671 
3103 12247388 659 
3104 12248047 665 
3105 12248712 682 
3106 12249394 677 
3107 12250071 658 
3108 12250729 686 
3109 12251415 674 
3110 12252089 649 
3111 12252738 681 
3112 12253419 649 
3113 12254068 629 
3114 12254697 660 
3115 12255357 642 
3116 12255999 655 
3117 12256654 647 
3118 12257301 680 
3119 12257981 641 
3120 12258622 692 
3121 12259314 654 
3122 12259968 644 
3123 12260612 658 
3124 12261270 658 
3125 12261928 684 
3126 12262612 672 
3127 12263284 672 
3128 12263956 672 
3129 12264628 682 
3130 12265310 694 
3131 12266004 672 
3132 12266676 722 
3133 12267398 680 
3134 12268078 682 
3135 12268760 703 
3136 12269463 706 
3137 12270169 669 
3138 12270838 672 
3139 12271510 657 
3140 12272167 655 
3141 12272822 651 
3142 12273473 685 
3143 12274158 688 
3144 12274846 712 
3145 12275558 705 
3146 12276263 724 
3147 12276987 696 
3148 12277683 645 
3149 12278328 639 
3150 12278967 667 
3151 12279634 682 
3152 12280316 706 
3153 12281022 724 
3154 12281746 655 
3155 12282401 687 
3156 12283088 658 
3157 12283746 693 
3158 12284439 690 
3159 12285129 639 
3160 12285768 633 
3161 12286401 633 
3162 12287034 641 
3163 12287675 632 
3164 12288307 641 
3165 12288948 639 
3166 12289587 656 
3167 12290243 670 
3168 12290913 697 
3169 12291610 706 
3170 12292316 697 
3171 12293013 679 
3172 12293692 681 
3173 12294373 714 
3174 12295087 657 
3175 12295744 675 
3176 12296419 679 
3177 12297098 679 
3178 12297777 681 
3179 12298458 705 
3180 12299163 694 
3181 12299857 681 
3182 12300538 680 
3183 12301218 705 
3184 12301923 656 
3185 12302579 650 
3186 12303229 647 
3187 12303876 681 
3188 12304557 624 
3189 12305181 667 
3190 12305848 637 
3191 12306485 640 
3192 12307125 650 
3193 12307775 711 
3194 12308486 711 
3195 12309197 668 
3196 12309865 679 
3197 12310544 697 
3198 12311241 679 
3199 12311920 676 
3200 12312596 708 
3201 12313304 667 
3202 12313971 702 
3203 12314673 702 
3204 12315375 702 
3205 12316077 656 
3206 12316733 646 
3207 12317379 701 
3208 12318080 696 
3209 12318776 707 
3210 12319483 646 
3211 12320129 696 
3212 12320825 650 
3213 12321475 656 
3214 12322131 671 
3215 12322802 699 
3216 12323501 699 
3217 12324200 671 
3218 12324871 649 
3219 12325520 699 
3220 12326219 695 
3221 12326914 636 
3222 12327550 661 
3223 12328211 664 
3224 12328875 661 
3225 12329536 664 
3226 12330200 689 
3227 12330889 696 
3228 12331585 711 
3229 12332296 711 
3230 12333007 695 
3231 12333702 695 
3232 12334397 678 
3233 12335075 678 
3234 12335753 652 
3235 12336405 673 
3236 12337078 670 
3237 12337748 694 
3238 12338442 702 
3239 12339144 702 
3240 12339846 642 
3241 12340488 695 
3242 12341183 655 
3243 12341838 698 
3244 12342536 654 
3245 12343190 626 
3246 12343816 668 
3247 12344484 677 
3248 12345161 677 
3249 12345838 709 
3250 12346547 710 
3251 12347257 695 
3252 12347952 674 
3253 12348626 694 
3254 12349320 666 
3255 12349986 695 
3256 12350681 676 
3257 12351357 676 
3258 12352033 654 
3259 12352687 671 
3260 12353358 654 
3261 12354012 695 
3262 12354707 695 
3263 12355402 654 
3264 12356056 678 
3265 12356734 640 
3266 12357374 640 
3267 12358014 667 
3268 12358681 631 
3269 12359312 677 
3270 12359989 677 
3271 12360666 674 
3272 12361340 674 
3273 12362014 659 
3274 12362673 673 
3275 12363346 667 
3276 12364013 643 
3277 12364656 674 
3278 12365330 673 
3279 12366003 668 
3280 12366671 675 
3281 12367346 674 
3282 12368020 623 
3283 12368643 636 
3284 12369279 667 
3285 12369946 623 
3286 12370569 674 
3287 12371243 623 
3288 12371866 707 
3289 12372573 652 
3290 12373225 703 
3291 12373928 660 
3292 12374588 693 
3293 12375281 668 
3294 12375949 683 
3295 12376632 693 
3296 12377325 666 
3297 12377991 667 
3298 12378658 666 
3299 12379324 633 
3300 12379957 658 
3301 12380615 649 
3302 12381264 636 
3303 12381900 667 
3304 12382567 655 
3305 12383222 676 
3306 12383898 676 
3307 12384574 638 
3308 12385212 638 
3309 12385850 638 
3310 12386488 635 
3311 12387123 673 
3312 12387796 665 
3313 12388461 633 
3314 12389094 692 
3315 12389786 667 
3316 12390453 672 
3317 12391125 672 
3318 12391797 660 
3319 12392457 660 
3320 12393117 660 
3321 12393777 621 
3322 12394398 640 
3323 12395038 621 
3324 12395659 660 
3325 12396319 660 
3326 12396979 660 
3327 12397639 636 
3328 12398275 660 
3329 12398935 660 
3330 12399595 672 
3331 12400267 670 
3332 12400937 680 
3333 12401617 666 
3334 12402283 680 
3335 12402963 672 
3336 12403635 660 
3337 12404295 636 
3338 12404931 660 
3339 12405591 660 
3340 12406251 660 
3341 12406911 660 
3342 12407571 660 
3343 12408231 639 
3344 12408870 648 
3345 12409518 620 
3346 12410138 662 
3347 12410800 645 
3348 12411445 662 
3349 12412107 680 
3350 12412787 664 
3351 12413451 681 
3352 12414132 670 
3353 12414802 635 
3354 12415437 635 
3355 12416072 638 
3356 12416710 636 
3357 12417346 634 
3358 12417980 659 
3359 12418639 634 
3360 12419273 658 
3361 12419931 620 
3362 12420551 639 
3363 12421190 659 
3364 12421849 638 
3365 12422487 659 
3366 12423146 638 
3367 12423784 619 
3368 12424403 638 
3369 12425041 639 
3370 12425680 638 
3371 12426318 640 
3372 12426958 671 
3373 12427629 660 
3374 12428289 662 
3375 12428951 671 
3376 12429622 669 
3377 12430291 669 
3378 12430960 662 
3379 12431622 619 
3380 12432241 638 
3381 12432879 658 
3382 12433537 634 
3383 12434171 637 
3384 12434808 633 
3385 12435441 642 
3386 12436083 668 
3387 12436751 659 
3388 12437410 669 
3389 12438079 655 
3390 12438734 668 
3391 12439402 652 
3392 12440054 637 
3393 12440691 643 
3394 12441334 633 
3395 12441967 637 
3396 12442604 634 
3397 12443238 634 
3398 12443872 642 
3399 12444514 668 
3400 12445182 648 
3401 12445830 660 
3402 12446490 678 
3403 12447168 667 
3404 12447835 667 
3405 12448502 639 
3406 12449141 642 
3407 12449783 631 
3408 12450414 641 
3409 12451055 631 
3410 12451686 641 
3411 12452327 627 
3412 12452954 642 
3413 12453596 667 
3414 12454263 664 
3415 12454927 668 
3416 12455595 658 
3417 12456253 666 
3418 12456919 666 
3419 12457585 666 
3420 12458251 637 
3421 12458888 657 
3422 12459545 635 
3423 12460180 708 
3424 12460888 647 
3425 12461535 630 
3426 12462165 617 
3427 12462782 619 
3428 12463401 640 
3429 12464041 646 
3430 12464687 665 
3431 12465352 655 
3432 12466007 664 
3433 12466671 657 
3434 12467328 667 
3435 12467995 667 
3436 12468662 667 
3437 12469329 666 
3438 12469995 666 
3439 12470661 656 
3440 12471317 669 
3441 12471986 656 
3442 12472642 636 
3443 12473278 640 
3444 12473918 633 
3445 12474551 666 
3446 12475217 682 
3447 12475899 646 
3448 12476545 629 
3449 12477174 628 
3450 12477802 632 
3451 12478434 632 
3452 12479066 651 
3453 12479717 665 
3454 12480382 665 
3455 12481047 674 
3456 12481721 662 
3457 12482383 656 
3458 12483039 662 
3459 12483701 664 
3460 12484365 627 
3461 12484992 645 
3462 12485637 631 
3463 12486268 631 
3464 12486899 627 
3465 12487526 640 
3466 12488166 614 
3467 12488780 632 
3468 12489412 652 
3469 12490064 637 
3470 12490701 649 
3471 12491350 644 
3472 12491994 651 
3473 12492645 631 
3474 12493276 630 
3475 12493906 643 
3476 12494549 630 
3477 12495179 638 
3478 12495817 626 
3479 12496443 634 
3480 12497077 638 
3481 12497715 638 
3482 12498353 626 
3483 12498979 648 
3484 12499627 662 
3485 12500289 638 
3486 12500927 638 
3487 12501565 638 
3488 12502203 625 
3489 12502828 641 
3490 12503469 647 
3491 12504116 661 
3492 12504777 657 
3493 12505434 685 
3494 12506119 674 
3495 12506793 629 
3496 12507422 639 
3497 12508061 626 
3498 12508687 626 
3499 12509313 638 
3500 12509951 625 
3501 12510576 648 
3502 12511224 633 
3503 12511857 653 
3504 12512510 641 
3505 12513151 637 
3506 12513788 625 
3507 12514413 637 
3508 12515050 647 
3509 12515697 624 
3510 12516321 624 
3511 12516945 659 
3512 12517604 659 
3513 12518263 678 
3514 12518941 638 
3515 12519579 624 
3516 12520203 645 
3517 12520848 623 
3518 12521471 638 
3519 12522109 639 
3520 12522748 660 
3521 12523408 639 
3522 12524047 645 
3523 12524692 645 
3524 12525337 629 
3525 12525966 622 
3526 12526588 629 
3527 12527217 645 
3528 12527862 622 
3529 12528484 622 
3530 12529106 646 
3531 12529752 633 
3532 12530385 633 
3533 12531018 636 
3534 12531654 652 
3535 12532306 675 
3536 12532981 643 
3537 12533624 627 
3538 12534251 639 
3539 12534890 616 
3540 12535506 630 
3541 12536136 641 
3542 12536777 628 
3543 12537405 636 
3544 12538041 621 
3545 12538662 586 
3546 12539248 614 
3547 12539862 621 
3548 12540483 612 
3549 12541095 601 
3550 12541696 626 
3551 12542322 626 
3552 12542948 626 
3553 12543574 626 
3554 12544200 626 
3555 12544826 626 
3556 12545452 633 
3557 12546085 602 
3558 12546687 603 
3559 12547290 576 
3560 12547866 600 
3561 12548466 603 
3562 12549069 604 
3563 12549673 603 
3564 12550276 603 
3565 12550879 603 
3566 12551482 602 
3567 12552084 602 
3568 12552686 601 
3569 12553287 599 
3570 12553886 550 
3571 12554436 585 
3572 12555021 569 
3573 12555590 571 
3574 12556161 574 
3575 12556735 563 
3576 12557298 531 
3577 12557829 537 
3578 12558366 549 
3579 12558915 539 
3580 12559454 553 
3581 12560007 537 
3582 12560544 531 
3583 12561075 538 
3584 12561613 517 
3585 12562130 547 
3586 12562677 548 
3587 12563225 543 
3588 12563768 521 
3589 12564289 557 
3590 12564846 503 
3591 12565349 546 
3592 12565895 501 
3593 12566396 511 
3594 12566907 519 
3595 12567426 556 
3596 12567982 493 
3597 12568475 501 
3598 12568976 487 
3599 12569463 529 
3600 12569992 485 
3601 12570477 546 
3602 12571023 492 
3603 12571515 471 
3604 12571986 533 
3605 12572519 473 
3606 12572992 479 
3607 12573471 469 
3608 12573940 538 
3609 12574478 497 
3610 12574975 499 
3611 12575474 484 
3612 12575958 509 
3613 12576467 526 
3614 12576993 526 
3615 12577519 493 
3616 12578012 457 
3617 12578469 441 
3618 12578910 474 
3619 12579384 431 
3620 12579815 452 
3621 12580267 415 
3622 12580682 456 
3623 12581138 435 
3624 12581573 426 
3625 12581999 400 
3626 12582399 403 
3627 12582802 371 
3628 12583173 366 
3629 12583539 344 
3630 12583883 322 
3631 12584205 374 
3632 12584579 374 
3633 12584953 342 
3634 12585295 335 
3635 12585630 316 
3636 12585946 331 
3637 12586277 316 
3638 12586593 323 
3639 12586916 315 
3640 12587231 289 
3641 12587520 311 
3642 12587831 295 
3643 12588126 312 
3644 12588438 196 
